   0.00	2450159.80
   1.51	2470361.82
   3.01	2490563.84
   4.52	2510765.86
   6.02	2530967.88
   7.53	2551169.90
   9.03	2571371.92
  10.54	2591573.94
  12.04	2611775.96
  13.55	2631977.98
  15.05	2652180.00
  16.56	2672382.02
  18.06	2692584.04
  19.57	2712786.06
  21.07	2732988.08
  22.58	2753190.10
  24.08	2773392.12
  25.59	2793594.15
  27.09	2813796.17
  28.60	2833998.19
  30.10	2854200.21
  31.61	2874402.23
  33.11	2894604.25
  34.62	2914806.27
  36.12	2935008.29
  37.63	2955210.31
  39.13	2975412.33
  40.64	2995614.35
  42.14	3015816.37
  43.65	3036018.39
  45.15	3056220.41
  46.66	3076422.43
  48.16	3096624.45
  49.67	3116826.47
  51.17	3137028.49
  52.68	3157230.51
  54.18	3177432.53
  55.69	3197634.55
  57.19	3217836.57
  58.70	3238038.59
  60.20	3258240.61
  61.71	3278442.63
  63.21	3298644.65
  64.72	3318846.67
  66.22	3339048.69
  67.73	3359250.71
  69.23	3379452.73
  70.74	3399654.75
  72.24	3419856.77
  73.75	3440058.79
  75.25	3460260.81
  76.76	3480462.83
  78.26	3500664.85
  79.77	3520866.87
  81.27	3541068.89
  82.78	3561270.91
  84.28	3581472.93
  85.79	3601674.95
  87.29	3621876.97
  88.80	3642078.99
  90.30	3662281.01
  91.81	3682483.03
  93.31	3702685.05
  94.82	3722887.07
  96.32	3743089.09
  97.83	3763291.11
  99.33	3783493.14
 100.84	3803695.16
 102.34	3823897.18
 103.85	3844099.20
 105.35	3864301.22
 106.86	3884503.24
 108.36	3904705.26
 109.87	3924907.28
 111.37	3945109.30
 112.88	3965311.32
 114.38	3985513.34
 115.89	4005715.36
 117.39	4025917.38
 118.90	4046119.40
 120.40	4066321.42
 121.91	4086523.44
 123.41	4106725.46
 124.92	4126927.48
 126.42	4147129.50
 127.93	4167331.52
 129.43	4187533.54
 130.94	4207735.56
 132.44	4227937.58
 133.95	4248139.60
 135.45	4268341.62
 136.96	4288543.64
 138.46	4308745.66
 139.97	4328947.68
 141.47	4349149.70
 142.98	4369351.72
 144.48	4389553.74
 145.99	4409755.76
 147.49	4429957.78
 149.00	4450159.80
 150.00	4450159.80
 151.00	4449884.03
 152.00	4449608.25
 153.00	4449332.48
 154.00	4449056.70
 155.00	4448780.93
 156.00	4448505.84
 157.00	4448235.72
 158.00	4447965.60
 159.00	4447695.49
 160.00	4447425.37
 161.00	4447155.25
 162.00	4446885.13
 163.00	4446508.80
 164.00	4445443.63
 165.00	4444378.46
 166.00	4443313.29
 167.00	4442248.12
 168.00	4441182.95
 169.00	4442388.84
 170.00	4446802.18
 171.00	4449670.19
 172.00	4448182.20
 173.00	4446694.21
 174.00	4445206.21
 175.00	4431186.56
 176.00	4422999.16
 177.00	4421240.96
 178.00	4421091.62
 179.00	4420942.28
 180.00	4420792.94
 181.00	4408047.86
 182.00	4406963.41
 183.00	4405878.96
 184.00	4404794.52
 185.00	4403710.07
 186.00	4402625.62
 187.00	4402715.00
 188.00	4403960.52
 189.00	4405206.05
 190.00	4406451.57
 191.00	4407697.09
 192.00	4408942.62
 193.00	4410123.50
 194.00	4411127.60
 195.00	4412131.71
 196.00	4413135.81
 197.00	4414139.92
 198.00	4415144.02
 199.00	4416148.13
 200.00	4417152.23
 201.00	4418433.68
 202.00	4419832.45
 203.00	4421231.23
 204.00	4422630.01
 205.00	4424028.79
 206.00	4425427.57
 207.00	4427278.36
 208.00	4429144.29
 209.00	4431010.23
 210.00	4432876.16
 211.00	4434566.82
 212.00	4434679.56
 213.00	4434792.30
 214.00	4434905.03
 215.00	4435017.77
 216.00	4435130.51
 217.00	4435243.24
 218.00	4435294.19
 219.00	4435180.11
 220.00	4435066.03
 221.00	4434951.95
 222.00	4434837.87
 223.00	4434723.79
 224.00	4434609.71
 225.00	4434415.73
 226.00	4434149.55
 227.00	4433883.36
 228.00	4433617.18
 229.00	4433350.99
 230.00	4433084.81
 231.00	4432818.62
 232.00	4432404.50
 233.00	4431948.19
 234.00	4431491.87
 235.00	4431035.55
 236.00	4430579.23
 237.00	4430122.91
 238.00	4429666.12
 239.00	4429194.42
 240.00	4428722.72
 241.00	4428251.02
 242.00	4427779.33
 243.00	4427307.63
 244.00	4426835.93
 245.00	4426364.23
 246.00	4426839.72
 247.00	4427441.89
 248.00	4428044.06
 249.00	4428646.22
 250.00	4429248.39
 251.00	4429850.56
 252.00	4430848.78
 253.00	4432189.21
 254.00	4433529.64
 255.00	4434870.08
 256.00	4436210.51
 257.00	4437550.94
 258.00	4438891.38
 259.00	4439632.23
 260.00	4440213.00
 261.00	4440793.77
 262.00	4441374.53
 263.00	4441955.30
 264.00	4442536.07
 265.00	4441662.78
 266.00	4439837.51
 267.00	4438012.24
 268.00	4436186.97
 269.00	4434524.71
 270.00	4434234.33
 271.00	4433943.94
 272.00	4433653.56
 273.00	4433363.17
 274.00	4433072.79
 275.00	4432782.41
 276.00	4432934.71
 277.00	4433124.84
 278.00	4433314.97
 279.00	4433505.11
 280.00	4433695.24
 281.00	4433885.37
 282.00	4434303.85
 283.00	4435805.75
 284.00	4437307.65
 285.00	4438809.54
 286.00	4440311.44
 287.00	4441813.33
 288.00	4443315.23
 289.00	4445002.21
 290.00	4446775.31
 291.00	4448548.41
 292.00	4450321.50
 293.00	4452094.60
 294.00	4453867.70
 295.00	4454999.14
 296.00	4455844.67
 297.00	4456690.20
 298.00	4457535.73
 299.00	4459965.07
 300.00	4462634.53
 301.00	4465303.99
 302.00	4466881.30
 303.00	4468188.02
 304.00	4469494.75
 305.00	4470801.48
 306.00	4472108.21
 307.00	4473414.94
 308.00	4474693.65
 309.00	4475483.94
 310.00	4476274.23
 311.00	4477064.52
 312.00	4477854.81
 313.00	4478645.10
 314.00	4479435.39
 315.00	4480225.68
 316.00	4481032.11
 317.00	4481838.53
 318.00	4482644.95
 319.00	4483451.38
 320.00	4484257.80
 321.00	4484888.62
 322.00	4483221.83
 323.00	4481555.04
 324.00	4479888.25
 325.00	4478221.46
 326.00	4476554.67
 327.00	4472386.44
 328.00	4464527.00
 329.00	4461950.70
 330.00	4459374.41
 331.00	4456798.11
 332.00	4453835.09
 333.00	4450702.05
 334.00	4447569.02
 335.00	4445059.99
 336.00	4444340.37
 337.00	4443620.74
 338.00	4442901.11
 339.00	4442181.49
 340.00	4441461.86
 341.00	4440742.24
 342.00	4438804.10
 343.00	4436221.75
 344.00	4433639.41
 345.00	4430798.26
 346.00	4426057.62
 347.00	4421316.99
 348.00	4417233.44
 349.00	4413183.62
 350.00	4409093.75
 351.00	4404986.89
 352.00	4400828.35
 353.00	4396607.41
 354.00	4392354.58
 355.00	4387977.31
 356.00	4383662.57
 357.00	4381060.17
 358.00	4378457.77
 359.00	4375855.37
 360.00	4371965.07
 361.00	4366880.39
 362.00	4362668.71
 363.00	4360211.61
 364.00	4357754.52
 365.00	4355297.42
 366.00	4353257.15
 367.00	4351415.29
 368.00	4349573.42
 369.00	4347731.56
 370.00	4345889.69
 371.00	4343978.75
 372.00	4342004.91
 373.00	4340031.08
 374.00	4338057.24
 375.00	4336083.40
 376.00	4335810.16
 377.00	4335688.47
 378.00	4335566.79
 379.00	4335445.10
 380.00	4335323.42
 381.00	4335201.73
 382.00	4335080.05
 383.00	4334583.33
 384.00	4333917.35
 385.00	4333251.37
 386.00	4332585.40
 387.00	4331919.42
 388.00	4331253.44
 389.00	4326176.78
 390.00	4322160.77
 391.00	4320194.53
 392.00	4318228.30
 393.00	4316262.06
 394.00	4313668.66
 395.00	4307300.95
 396.00	4301488.70
 397.00	4296052.57
 398.00	4289920.42
 399.00	4283762.02
 400.00	4278852.38
 401.00	4273942.74
 402.00	4268615.16
 403.00	4263276.24
 404.00	4257978.82
 405.00	4252692.62
 406.00	4247641.72
 407.00	4242850.38
 408.00	4238059.04
 409.00	4233267.71
 410.00	4228476.37
 411.00	4223517.79
 412.00	4218555.34
 413.00	4213655.19
 414.00	4208778.30
 415.00	4203921.90
 416.00	4199087.78
 417.00	4194233.98
 418.00	4189314.30
 419.00	4184394.63
 420.00	4181568.78
 421.00	4178783.34
 422.00	4175997.90
 423.00	4172880.98
 424.00	4169549.86
 425.00	4166218.74
 426.00	4165159.84
 427.00	4164682.78
 428.00	4164205.72
 429.00	4163728.66
 430.00	4163251.60
 431.00	4162774.55
 432.00	4162176.77
 433.00	4161502.22
 434.00	4160827.66
 435.00	4160153.10
 436.00	4159478.55
 437.00	4158803.99
 438.00	4157795.40
 439.00	4154819.41
 440.00	4151843.43
 441.00	4148867.44
 442.00	4142119.22
 443.00	4134611.65
 444.00	4131075.19
 445.00	4127677.87
 446.00	4125332.61
 447.00	4122987.35
 448.00	4120642.09
 449.00	4118304.66
 450.00	4115971.22
 451.00	4113637.78
 452.00	4111304.33
 453.00	4109350.56
 454.00	4108566.26
 455.00	4107781.97
 456.00	4106997.67
 457.00	4106213.37
 458.00	4106802.38
 459.00	4107856.63
 460.00	4108910.88
 461.00	4109965.13
 462.00	4111019.39
 463.00	4112073.64
 464.00	4113944.16
 465.00	4118631.79
 466.00	4123319.42
 467.00	4128427.45
 468.00	4133675.10
 469.00	4139487.85
 470.00	4145862.04
 471.00	4151155.80
 472.00	4153252.01
 473.00	4155348.22
 474.00	4157444.43
 475.00	4159540.64
 476.00	4161475.48
 477.00	4163357.79
 478.00	4165240.10
 479.00	4167122.41
 480.00	4168596.14
 481.00	4168884.27
 482.00	4169172.39
 483.00	4169460.51
 484.00	4169748.64
 485.00	4170036.76
 486.00	4170324.88
 487.00	4170613.01
 488.00	4170388.30
 489.00	4170134.79
 490.00	4169881.28
 491.00	4173801.34
 492.00	4180828.64
 493.00	4186814.36
 494.00	4192666.63
 495.00	4198627.97
 496.00	4204651.37
 497.00	4211060.15
 498.00	4218076.03
 499.00	4224988.76
 500.00	4231263.74
 501.00	4237538.73
 502.00	4242861.81
 503.00	4247986.72
 504.00	4251643.87
 505.00	4252691.33
 506.00	4253738.78
 507.00	4254786.24
 508.00	4255833.70
 509.00	4256223.36
 510.00	4254075.45
 511.00	4251927.55
 512.00	4249779.65
 513.00	4247631.75
 514.00	4246187.79
 515.00	4245765.85
 516.00	4245343.91
 517.00	4244921.97
 518.00	4245581.80
 519.00	4248726.43
 520.00	4251871.05
 521.00	4256387.31
 522.00	4262109.54
 523.00	4267837.14
 524.00	4273569.64
 525.00	4279196.26
 526.00	4284543.73
 527.00	4289910.87
 528.00	4296017.38
 529.00	4302123.89
 530.00	4308548.81
 531.00	4315034.69
 532.00	4323371.75
 533.00	4332662.66
 534.00	4338327.29
 535.00	4343914.69
 536.00	4348737.14
 537.00	4353559.59
 538.00	4358562.59
 539.00	4363911.64
 540.00	4372556.92
 541.00	4385576.33
 542.00	4395247.29
 543.00	4400791.55
 544.00	4406420.34
 545.00	4412499.90
 546.00	4418579.46
 547.00	4429194.40
 548.00	4435816.69
 549.00	4440859.47
 550.00	4446805.98
 551.00	4455080.10
 552.00	4462286.24
 553.00	4467497.30
 554.00	4472708.37
 555.00	4478478.68
 556.00	4484488.95
 557.00	4489076.84
 558.00	4492890.35
 559.00	4496703.86
 560.00	4501028.97
 561.00	4508062.40
 562.00	4514755.67
 563.00	4519732.39
 564.00	4524709.10
 565.00	4532547.44
 566.00	4540737.41
 567.00	4548951.13
 568.00	4557226.76
 569.00	4565602.27
 570.00	4574044.14
 571.00	4582486.02
 572.00	4590927.90
 573.00	4599369.78
 574.00	4607916.62
 575.00	4614967.97
 576.00	4622313.31
 577.00	4631504.85
 578.00	4640696.40
 579.00	4649887.94
 580.00	4658816.71
 581.00	4665697.92
 582.00	4671980.90
 583.00	4682706.14
 584.00	4692193.33
 585.00	4698709.50
 586.00	4704242.35
 587.00	4710089.85
 588.00	4716361.89
 589.00	4722633.93
 590.00	4730749.94
 591.00	4739024.05
 592.00	4744920.13
 593.00	4750792.22
 594.00	4755888.37
 595.00	4760500.81
 596.00	4765113.25
 597.00	4771562.51
 598.00	4778276.73
 599.00	4784916.16
 600.00	4791555.58
 601.00	4797582.08
 602.00	4803563.36
 603.00	4812952.17
 604.00	4821367.66
 605.00	4826251.50
 606.00	4831163.35
 607.00	4836161.04
 608.00	4841158.72
 609.00	4846166.79
 610.00	4851177.16
 611.00	4854307.04
 612.00	4856997.19
 613.00	4859687.35
 614.00	4862106.39
 615.00	4864036.19
 616.00	4865965.99
 617.00	4867895.80
 618.00	4869825.60
 619.00	4872652.06
 620.00	4875705.24
 621.00	4878758.42
 622.00	4882715.76
 623.00	4887633.85
 624.00	4892403.70
 625.00	4896852.80
 626.00	4901246.41
 627.00	4904867.51
 628.00	4908488.61
 629.00	4912474.61
 630.00	4916728.15
 631.00	4919986.99
 632.00	4921207.14
 633.00	4922427.30
 634.00	4923647.45
 635.00	4925430.81
 636.00	4927540.67
 637.00	4929650.53
 638.00	4931760.39
 639.00	4933870.25
 640.00	4935980.11
 641.00	4938089.97
 642.00	4939341.45
 643.00	4939928.15
 644.00	4940514.84
 645.00	4941101.54
 646.00	4941688.23
 647.00	4942274.92
 648.00	4942861.62
 649.00	4943448.31
 650.00	4944035.01
 651.00	4944621.70
 652.00	4945208.40
 653.00	4945396.19
 654.00	4945244.08
 655.00	4945091.98
 656.00	4944939.87
 657.00	4944787.77
 658.00	4944635.66
 659.00	4944483.56
 660.00	4944331.45
 661.00	4944179.34
 662.00	4944027.24
 663.00	4943875.13
 664.00	4943723.03
 665.00	4943570.92
 666.00	4943418.81
 667.00	4943322.49
 668.00	4943322.49
 669.00	4943322.49
 670.00	4943322.49
 671.00	4943322.49
 672.00	4943322.49
 673.00	4943322.49
 674.00	4943322.49
 675.00	4943322.49
 676.00	4943322.49
 677.00	4943479.55
 678.00	4943650.67
 679.00	4943821.79
 680.00	4943992.91
 681.00	4944164.03
 682.00	4944335.15
 683.00	4944506.27
 684.00	4944677.39
 685.00	4944848.51
 686.00	4945019.62
 687.00	4945190.74
 688.00	4945361.86
 689.00	4944603.68
 690.00	4941865.77
 691.00	4939127.86
 692.00	4936389.96
 693.00	4933652.05
 694.00	4934987.10
 695.00	4938809.76
 696.00	4928877.45
 697.00	4920586.51
 698.00	4918066.15
 699.00	4915545.79
 700.00	4913025.43
 701.00	4910088.24
 702.00	4907024.79
 703.00	4903961.33
 704.00	4909654.53
 705.00	4898386.68
 706.00	4889189.33
 707.00	4885310.63
 708.00	4881545.49
 709.00	4879678.73
 710.00	4877811.98
 711.00	4875945.22
 712.00	4875407.84
 713.00	4876086.82
 714.00	4876765.80
 715.00	4877444.78
 716.00	4878123.76
 717.00	4878802.74
 718.00	4879481.72
 719.00	4879986.51
 720.00	4880461.84
 721.00	4880937.17
 722.00	4881412.50
 723.00	4881887.84
 724.00	4882363.17
 725.00	4882780.43
 726.00	4882718.77
 727.00	4882657.10
 728.00	4882595.44
 729.00	4882533.78
 730.00	4882472.11
 731.00	4882410.45
 732.00	4882107.82
 733.00	4880657.38
 734.00	4879206.94
 735.00	4877756.50
 736.00	4876306.07
 737.00	4874855.63
 738.00	4870968.80
 739.00	4866886.39
 740.00	4862803.98
 741.00	4867657.56
 742.00	4847333.77
 743.00	4840195.65
 744.00	4835928.84
 745.00	4831884.20
 746.00	4824363.79
 747.00	4816308.03
 748.00	4819049.75
 749.00	4808736.97
 750.00	4798164.82
 751.00	4790853.77
 752.00	4786212.68
 753.00	4781451.24
 754.00	4776373.99
 755.00	4771296.73
 756.00	4768455.92
 757.00	4766145.81
 758.00	4763835.70
 759.00	4761525.59
 760.00	4761130.37
 761.00	4761184.70
 762.00	4761239.02
 763.00	4761293.34
 764.00	4765032.05
 765.00	4769301.89
 766.00	4773914.83
 767.00	4778854.16
 768.00	4783786.72
 769.00	4788675.84
 770.00	4793564.95
 771.00	4798700.94
 772.00	4803868.74
 773.00	4809900.18
 774.00	4816051.91
 775.00	4822639.34
 776.00	4829484.11
 777.00	4836276.91
 778.00	4842984.78
 779.00	4849728.39
 780.00	4856710.05
 781.00	4863691.72
 782.00	4869504.12
 783.00	4875159.31
 784.00	4880076.15
 785.00	4884393.98
 786.00	4888711.81
 787.00	4892228.77
 788.00	4895700.05
 789.00	4899171.32
 790.00	4901491.45
 791.00	4902390.26
 792.00	4903289.07
 793.00	4904187.88
 794.00	4905086.68
 795.00	4905985.49
 796.00	4906545.78
 797.00	4906155.28
 798.00	4905764.78
 799.00	4905374.28
 800.00	4904983.77
 801.00	4904593.27
 802.00	4904202.77
 803.00	4903812.26
 804.00	4902937.71
 805.00	4902039.34
 806.00	4901140.96
 807.00	4900242.59
 808.00	4899344.21
 809.00	4895963.55
 810.00	4891545.57
 811.00	4887888.53
 812.00	4884652.82
 813.00	4881417.12
 814.00	4878513.38
 815.00	4876877.12
 816.00	4875240.85
 817.00	4873604.59
 818.00	4871968.33
 819.00	4870332.06
 820.00	4869551.90
 821.00	4868837.66
 822.00	4868123.43
 823.00	4867409.19
 824.00	4866694.95
 825.00	4865980.72
 826.00	4864773.80
 827.00	4862994.16
 828.00	4861214.52
 829.00	4859434.88
 830.00	4857716.33
 831.00	4856185.60
 832.00	4854654.86
 833.00	4853124.12
 834.00	4851593.38
 835.00	4850020.53
 836.00	4848028.70
 837.00	4846036.88
 838.00	4844045.05
 839.00	4842053.22
 840.00	4840001.68
 841.00	4837862.69
 842.00	4835723.70
 843.00	4833584.71
 844.00	4831445.72
 845.00	4829559.12
 846.00	4827698.20
 847.00	4825837.28
 848.00	4823976.36
 849.00	4822799.64
 850.00	4822609.51
 851.00	4822419.38
 852.00	4822229.25
 853.00	4822039.11
 854.00	4821848.98
 855.00	4821658.85
 856.00	4821657.61
 857.00	4821752.67
 858.00	4821847.74
 859.00	4821942.81
 860.00	4822037.87
 861.00	4822132.94
 862.00	4822228.00
 863.00	4822510.49
 864.00	4822810.35
 865.00	4823110.22
 866.00	4823410.08
 867.00	4823709.95
 868.00	4824009.82
 869.00	4825012.92
 870.00	4827291.86
 871.00	4829570.80
 872.00	4831849.73
 873.00	4834128.67
 874.00	4836651.48
 875.00	4839255.53
 876.00	4841859.58
 877.00	4844463.64
 878.00	4845572.61
 879.00	4846139.55
 880.00	4846706.49
 881.00	4847273.43
 882.00	4847840.37
 883.00	4848407.31
 884.00	4848610.81
 885.00	4848515.75
 886.00	4848420.68
 887.00	4848325.62
 888.00	4848230.55
 889.00	4848135.48
 890.00	4848040.42
 891.00	4848303.02
 892.00	4848654.03
 893.00	4849005.04
 894.00	4849356.06
 895.00	4849707.07
 896.00	4850058.08
 897.00	4850409.10
 898.00	4851168.77
 899.00	4852349.82
 900.00	4853530.88
 901.00	4854711.94
 902.00	4855893.00
 903.00	4857074.06
 904.00	4858818.50
 905.00	4860743.59
 906.00	4862668.68
 907.00	4864593.78
 908.00	4866518.87
 909.00	4868177.81
 910.00	4869362.48
 911.00	4870547.15
 912.00	4871731.82
 913.00	4872916.49
 914.00	4874101.16
 915.00	4875805.70
 916.00	4878005.97
 917.00	4880206.23
 918.00	4882406.50
 919.00	4884606.76
 920.00	4887105.43
 921.00	4889768.85
 922.00	4892432.28
 923.00	4895095.71
 924.00	4897643.37
 925.00	4900156.18
 926.00	4902668.99
 927.00	4905181.80
 928.00	4908247.14
 929.00	4911712.98
 930.00	4915178.82
 931.00	4918528.55
 932.00	4918896.25
 933.00	4919263.94
 934.00	4919631.64
 935.00	4919999.33
 936.00	4920367.02
 937.00	4920734.72
 938.00	4919806.97
 939.00	4914639.84
 940.00	4899039.94
 941.00	4914259.62
 942.00	4902507.58
 943.00	4879154.24
 944.00	4875268.18
 945.00	4871382.12
 946.00	4867261.75
 947.00	4863040.81
 948.00	4858209.70
 949.00	4852634.69
 950.00	4845932.55
 951.00	4839481.48
 952.00	4835159.35
 953.00	4830837.21
 954.00	4825807.82
 955.00	4820631.46
 956.00	4815430.34
 957.00	4810211.21
 958.00	4804898.39
 959.00	4799395.20
 960.00	4794151.79
 961.00	4789456.08
 962.00	4784760.37
 963.00	4781513.90
 964.00	4778438.97
 965.00	4775364.03
 966.00	4771620.81
 967.00	4766776.82
 968.00	4762537.20
 969.00	4759781.92
 970.00	4757026.64
 971.00	4754271.36
 972.00	4752244.85
 973.00	4750432.40
 974.00	4748619.96
 975.00	4746807.51
 976.00	4744995.07
 977.00	4742727.36
 978.00	4739993.13
 979.00	4737258.91
 980.00	4734524.68
 981.00	4730518.50
 982.00	4726108.09
 983.00	4722496.14
 984.00	4719861.94
 985.00	4717227.74
 986.00	4714380.58
 987.00	4710182.45
 988.00	4705984.33
 989.00	4700062.42
 990.00	4693608.44
 991.00	4688012.54
 992.00	4683029.91
 993.00	4678466.73
 994.00	4673626.67
 995.00	4668260.37
 996.00	4663063.93
 997.00	4658202.13
 998.00	4653340.33
 999.00	4647966.57
1000.00	4642541.63
1001.00	4637111.86
1002.00	4631678.83
1003.00	4626215.97
1004.00	4620697.38
1005.00	4615185.08
1006.00	4609729.81
1007.00	4604493.33
1008.00	4601433.31
1009.00	4598373.30
1010.00	4589694.91
1011.00	4579669.99
1012.00	4573231.59
1013.00	4567775.91
1014.00	4562422.51
1015.00	4557264.05
1016.00	4552083.17
1017.00	4546758.98
1018.00	4541434.79
1019.00	4535790.20
1020.00	4529986.03
1021.00	4524131.22
1022.00	4518184.83
1023.00	4511460.48
1024.00	4499817.72
1025.00	4493669.23
1026.00	4487546.20
1027.00	4481435.69
1028.00	4475008.82
1029.00	4468378.65
1030.00	4460962.42
1031.00	4451903.86
1032.00	4447153.59
1033.00	4442403.32
1034.00	4429056.66
1035.00	4423686.83
1036.00	4418317.00
1037.00	4411876.04
1038.00	4404757.48
1039.00	4398335.50
1040.00	4393133.47
1041.00	4387931.45
1042.00	4375190.38
1043.00	4369053.69
1044.00	4363968.22
1045.00	4359382.23
1046.00	4352038.53
1047.00	4341373.93
1048.00	4333870.37
1049.00	4327983.87
1050.00	4321860.77
1051.00	4313971.27
1052.00	4306081.78
1053.00	4292863.22
1054.00	4286402.72
1055.00	4278996.69
1056.00	4271011.13
1057.00	4263025.57
1058.00	4255011.90
1059.00	4246856.66
1060.00	4238300.70
1061.00	4229858.51
1062.00	4221217.50
1063.00	4212547.46
1064.00	4203877.43
1065.00	4195093.49
1066.00	4186366.26
1067.00	4177849.75
1068.00	4169109.51
1069.00	4160369.27
1070.00	4163592.64
1071.00	4144068.93
1072.00	4132841.84
1073.00	4126620.48
1074.00	4114183.11
1075.00	4106222.63
1076.00	4100906.53
1077.00	4095590.43
1078.00	4083521.43
1079.00	4079825.26
1080.00	4075499.64
1081.00	4070894.98
1082.00	4062078.34
1083.00	4056500.82
1084.00	4051976.59
1085.00	4048134.48
1086.00	4044876.37
1087.00	4041618.26
1088.00	4038338.36
1089.00	4034193.47
1090.00	4030048.58
1091.00	4027184.60
1092.00	4025630.65
1093.00	4024076.70
1094.00	4022522.76
1095.00	4020968.81
1096.00	4019873.48
1097.00	4019882.61
1098.00	4019891.74
1099.00	4019900.86
1100.00	4019909.99
1101.00	4019919.12
1102.00	4019928.24
1103.00	4019759.01
1104.00	4019095.27
1105.00	4018431.54
1106.00	4017767.80
1107.00	4017104.07
1108.00	4016440.33
1109.00	4015668.87
1110.00	4013661.07
1111.00	4011653.27
1112.00	4009645.48
1113.00	4007637.68
1114.00	4006655.81
1115.00	4005836.59
1116.00	4005017.37
1117.00	4004198.16
1118.00	4003378.94
1119.00	4003192.45
1120.00	4003202.94
1121.00	4003213.43
1122.00	4003223.92
1123.00	4003234.41
1124.00	4003244.90
1125.00	4003255.39
1126.00	4003426.20
1127.00	4003643.69
1128.00	4003861.19
1129.00	4004078.69
1130.00	4004296.18
1131.00	4004513.68
1132.00	4004992.48
1133.00	4008123.00
1134.00	4011253.53
1135.00	4014384.05
1136.00	4018326.23
1137.00	4022872.51
1138.00	4027217.94
1139.00	4031267.76
1140.00	4035220.02
1141.00	4038642.40
1142.00	4042064.78
1143.00	4046202.94
1144.00	4050700.93
1145.00	4053643.84
1146.00	4054407.18
1147.00	4055170.53
1148.00	4055933.87
1149.00	4056697.22
1150.00	4057460.57
1151.00	4058223.91
1152.00	4058448.23
1153.00	4058619.35
1154.00	4058790.47
1155.00	4058961.59
1156.00	4059132.71
1157.00	4059303.83
1158.00	4059413.75
1159.00	4059209.36
1160.00	4059004.97
1161.00	4058800.57
1162.00	4058596.18
1163.00	4058391.79
1164.00	4058187.40
1165.00	4057321.59
1166.00	4055526.40
1167.00	4053731.20
1168.00	4051936.01
1169.00	4050140.81
1170.00	4047187.48
1171.00	4044231.78
1172.00	4041276.09
1173.00	4037542.42
1174.00	4032909.04
1175.00	4028874.72
1176.00	4025837.55
1177.00	4022800.39
1178.00	4019763.22
1179.00	4017130.85
1180.00	4014533.03
1181.00	4011935.20
1182.00	4010638.64
1183.00	4010824.55
1184.00	4011010.46
1185.00	4011196.37
1186.00	4011382.27
1187.00	4011568.18
1188.00	4011754.09
1189.00	4012146.62
1190.00	4013199.56
1191.00	4014252.50
1192.00	4015305.44
1193.00	4016358.38
1194.00	4017411.32
1195.00	4018342.70
1196.00	4019002.20
1197.00	4019661.69
1198.00	4020321.19
1199.00	4020980.69
1200.00	4021640.18
1201.00	4022299.68
1202.00	4022737.97
1203.00	4022675.03
1204.00	4022612.09
1205.00	4022549.15
1206.00	4022486.21
1207.00	4022423.27
1208.00	4022360.33
1209.00	4022521.35
1210.00	4023162.65
1211.00	4023803.94
1212.00	4024445.24
1213.00	4025086.54
1214.00	4025727.84
1215.00	4026442.05
1216.00	4028165.74
1217.00	4029889.43
1218.00	4031613.12
1219.00	4033336.82
1220.00	4035060.51
1221.00	4037061.41
1222.00	4040250.83
1223.00	4043440.25
1224.00	4046629.67
1225.00	4049822.11
1226.00	4053016.33
1227.00	4056210.56
1228.00	4059424.14
1229.00	4062694.42
1230.00	4065964.69
1231.00	4069234.97
1232.00	4072460.58
1233.00	4075680.16
1234.00	4078899.73
1235.00	4082203.43
1236.00	4085588.81
1237.00	4088974.19
1238.00	4092269.21
1239.00	4093395.64
1240.00	4094522.06
1241.00	4095648.48
1242.00	4096774.90
1243.00	4097901.33
1244.00	4098257.79
1245.00	4098564.63
1246.00	4098871.46
1247.00	4099178.29
1248.00	4099485.13
1249.00	4099791.96
1250.00	4100098.80
1251.00	4100294.62
1252.00	4100484.75
1253.00	4100674.88
1254.00	4100865.01
1255.00	4101055.15
1256.00	4101245.28
1257.00	4101462.57
1258.00	4101785.80
1259.00	4102109.02
1260.00	4102432.25
1261.00	4102755.47
1262.00	4103078.70
1263.00	4103401.92
1264.00	4103363.36
1265.00	4102894.70
1266.00	4102426.05
1267.00	4101957.40
1268.00	4101488.75
1269.00	4101020.10
1270.00	4100551.45
1271.00	4099949.54
1272.00	4099225.72
1273.00	4098501.91
1274.00	4097778.10
1275.00	4097054.28
1276.00	4096347.13
1277.00	4095814.76
1278.00	4095282.38
1279.00	4094750.01
1280.00	4094217.64
1281.00	4093685.27
1282.00	4093152.90
1283.00	4092292.82
1284.00	4090796.10
1285.00	4089299.38
1286.00	4087802.66
1287.00	4086305.94
1288.00	4084647.57
1289.00	4082903.78
1290.00	4081160.00
1291.00	4079416.21
1292.00	4077672.42
1293.00	4075169.63
1294.00	4071558.43
1295.00	4067947.22
1296.00	4064336.02
1297.00	4062088.99
1298.00	4060220.14
1299.00	4058351.29
1300.00	4056482.44
1301.00	4054613.59
1302.00	4053004.02
1303.00	4052299.11
1304.00	4051594.20
1305.00	4050889.29
1306.00	4050184.38
1307.00	4049479.47
1308.00	4051385.46
1309.00	4053784.81
1310.00	4054474.01
1311.00	4052001.60
1312.00	4049529.19
1313.00	4047056.77
1314.00	4044584.36
1315.00	4042448.48
1316.00	4040336.69
1317.00	4038224.89
1318.00	4037088.83
1319.00	4037012.78
1320.00	4036936.73
1321.00	4036860.67
1322.00	4036784.62
1323.00	4036708.57
1324.00	4036632.51
1325.00	4036486.86
1326.00	4036315.74
1327.00	4036144.62
1328.00	4035973.51
1329.00	4035802.39
1330.00	4035631.27
1331.00	4035460.15
1332.00	4034938.40
1333.00	4034411.27
1334.00	4033884.14
1335.00	4033357.02
1336.00	4032829.89
1337.00	4032302.77
1338.00	4031775.64
1339.00	4030536.04
1340.00	4029294.10
1341.00	4028052.16
1342.00	4026810.22
1343.00	4025568.29
1344.00	4023361.28
1345.00	4020916.73
1346.00	4018472.17
1347.00	4016027.61
1348.00	4010532.12
1349.00	4003229.08
1350.00	4000496.56
1351.00	3997764.05
1352.00	3995031.53
1353.00	3992075.23
1354.00	3989048.01
1355.00	3986018.18
1356.00	3982910.44
1357.00	3979802.69
1358.00	3976694.95
1359.00	3972123.40
1360.00	3967447.82
1361.00	3950896.72
1362.00	3927078.10
1363.00	3919733.65
1364.00	3903955.54
1365.00	3895830.29
1366.00	3890713.01
1367.00	3885595.73
1368.00	3873699.43
1369.00	3864432.02
1370.00	3856018.94
1371.00	3845788.15
1372.00	3840112.40
1373.00	3836408.17
1374.00	3832610.25
1375.00	3822101.78
1376.00	3815409.98
1377.00	3805787.15
1378.00	3801039.97
1379.00	3796292.80
1380.00	3791398.02
1381.00	3786416.55
1382.00	3781387.37
1383.00	3775927.86
1384.00	3770917.48
1385.00	3768864.05
1386.00	3766810.62
1387.00	3764757.19
1388.00	3764654.49
1389.00	3765173.68
1390.00	3765692.88
1391.00	3766212.08
1392.00	3766731.27
1393.00	3767250.47
1394.00	3768957.34
1395.00	3773930.72
1396.00	3778904.09
1397.00	3784787.68
1398.00	3791507.99
1399.00	3797505.87
1400.00	3803267.91
1401.00	3808963.68
1402.00	3814604.12
1403.00	3820268.02
1404.00	3826212.16
1405.00	3832156.30
1406.00	3837475.56
1407.00	3842531.15
1408.00	3847584.96
1409.00	3852632.98
1410.00	3857680.99
1411.00	3862602.41
1412.00	3867522.08
1413.00	3872705.02
1414.00	3877981.72
1415.00	3882898.54
1416.00	3887494.31
1417.00	3891104.71
1418.00	3892174.20
1419.00	3893243.70
1420.00	3894313.19
1421.00	3895382.69
1422.00	3896346.39
1423.00	3896653.22
1424.00	3896960.06
1425.00	3897266.89
1426.00	3897573.73
1427.00	3897880.56
1428.00	3898187.39
1429.00	3898485.25
1430.00	3898732.42
1431.00	3898979.59
1432.00	3899226.76
1433.00	3899473.94
1434.00	3899721.11
1435.00	3899968.28
1436.00	3900272.97
1437.00	3900662.74
1438.00	3901052.51
1439.00	3901442.28
1440.00	3901832.05
1441.00	3902221.83
1442.00	3902611.60
1443.00	3903565.61
1444.00	3904815.29
1445.00	3906064.98
1446.00	3907314.67
1447.00	3908564.36
1448.00	3909814.05
1449.00	3910653.40
1450.00	3911032.31
1451.00	3911411.22
1452.00	3911790.12
1453.00	3912169.03
1454.00	3912547.94
1455.00	3912926.84
1456.00	3913305.75
1457.00	3919612.58
1458.00	3929879.73
1459.00	3933031.07
1460.00	3920363.56
1461.00	3946751.42
1462.00	3958074.08
1463.00	3959477.50
1464.00	3960880.92
1465.00	3962284.35
1466.00	3963687.77
1467.00	3965091.19
1468.00	3966520.48
1469.00	3968468.71
1470.00	3970416.94
1471.00	3972365.17
1472.00	3974313.40
1473.00	3976261.64
1474.00	3978266.17
1475.00	3980372.25
1476.00	3982478.33
1477.00	3984584.41
1478.00	3986690.49
1479.00	3989212.53
1480.00	3992178.60
1481.00	3995144.66
1482.00	3998110.73
1483.00	4001708.29
1484.00	4006426.62
1485.00	4011144.94
1486.00	4015345.51
1487.00	4019305.70
1488.00	4022271.56
1489.00	4023939.97
1490.00	4025608.38
1491.00	4039830.00
1492.00	4044890.71
1493.00	4049951.42
1494.00	4053881.42
1495.00	4057548.26
1496.00	4059206.88
1497.00	4059301.24
1498.00	4059395.60
1499.00	4059489.97
1500.00	4059584.33
1501.00	4059678.69
1502.00	4059858.10
1503.00	4061473.54
1504.00	4063088.99
1505.00	4064704.44
1506.00	4066319.88
1507.00	4067935.33
1508.00	4069550.78
1509.00	4071660.69
1510.00	4073928.02
1511.00	4076195.35
1512.00	4078462.68
1513.00	4080730.01
1514.00	4082508.71
1515.00	4084173.24
1516.00	4085837.76
1517.00	4087502.28
1518.00	4088649.03
1519.00	4088995.29
1520.00	4089341.55
1521.00	4089687.82
1522.00	4090034.08
1523.00	4090380.35
1524.00	4090726.61
1525.00	4090586.05
1526.00	4090071.07
1527.00	4089556.08
1528.00	4089041.09
1529.00	4088526.10
1530.00	4088011.12
1531.00	4087491.22
1532.00	4086080.63
1533.00	4084670.05
1534.00	4083259.46
1535.00	4081848.87
1536.00	4080438.28
1537.00	4079560.23
1538.00	4078761.67
1539.00	4077963.12
1540.00	4077164.56
1541.00	4076366.01
1542.00	4075401.70
1543.00	4073375.29
1544.00	4071348.88
1545.00	4069509.49
1546.00	4069744.77
1547.00	4069980.06
1548.00	4070215.35
1549.00	4070450.64
1550.00	4070685.93
1551.00	4070921.22
1552.00	4071162.66
1553.00	4071831.58
1554.00	4072500.50
1555.00	4073169.42
1556.00	4073838.34
1557.00	4074507.27
1558.00	4075176.19
1559.00	4061419.33
1560.00	4040740.33
1561.00	4031450.05
1562.00	4028858.21
1563.00	4028258.83
1564.00	4027659.45
1565.00	4027060.07
1566.00	4026460.69
1567.00	4025861.31
1568.00	4025261.93
1569.00	4024988.01
1570.00	4025449.25
1571.00	4025910.49
1572.00	4026371.73
1573.00	4026832.98
1574.00	4027294.22
1575.00	4028062.09
1576.00	4029937.37
1577.00	4031812.65
1578.00	4033687.93
1579.00	4035563.21
1580.00	4037438.49
1581.00	4039978.89
1582.00	4042927.41
1583.00	4045875.92
1584.00	4048824.44
1585.00	4051569.71
1586.00	4054307.62
1587.00	4057045.53
1588.00	4059783.43
1589.00	4062521.34
1590.00	4065259.25
1591.00	4068004.09
1592.00	4070773.83
1593.00	4073543.57
1594.00	4076313.31
1595.00	4078690.80
1596.00	4080947.03
1597.00	4083203.27
1598.00	4085459.51
1599.00	4087947.67
1600.00	4090747.80
1601.00	4093547.93
1602.00	4096348.06
1603.00	4098204.44
1604.00	4099946.74
1605.00	4101689.05
1606.00	4103431.35
1607.00	4104254.42
1608.00	4104058.86
1609.00	4103863.29
1610.00	4103667.73
1611.00	4116189.76
1612.00	4122707.16
1613.00	4129214.30
1614.00	4134492.37
1615.00	4139770.45
1616.00	4146927.39
1617.00	4156135.40
1618.00	4165327.74
1619.00	4178155.39
1620.00	4187167.67
1621.00	4195956.36
1622.00	4201735.20
1623.00	4207006.14
1624.00	4213296.65
1625.00	4221474.13
1626.00	4228699.00
1627.00	4234607.12
1628.00	4240490.98
1629.00	4245869.01
1630.00	4251247.04
1631.00	4256289.03
1632.00	4261275.93
1633.00	4267119.20
1634.00	4273379.39
1635.00	4279531.43
1636.00	4285492.08
1637.00	4291452.73
1638.00	4300711.41
1639.00	4308488.59
1640.00	4314028.57
1641.00	4323145.93
1642.00	4334915.98
1643.00	4341538.85
1644.00	4346501.30
1645.00	4351463.76
1646.00	4358730.14
1647.00	4366354.89
1648.00	4372476.19
1649.00	4378333.43
1650.00	4383932.52
1651.00	4389468.90
1652.00	4395644.88
1653.00	4403874.71
1654.00	4411207.14
1655.00	4416508.61
1656.00	4421810.08
1657.00	4427635.95
1658.00	4433734.95
1659.00	4438741.78
1660.00	4442677.52
1661.00	4446613.26
1662.00	4450424.62
1663.00	4454227.27
1664.00	4457933.15
1665.00	4459477.75
1666.00	4461022.34
1667.00	4462566.93
1668.00	4464111.52
1669.00	4465457.09
1670.00	4466365.18
1671.00	4467273.26
1672.00	4468181.34
1673.00	4469089.42
1674.00	4469997.50
1675.00	4470905.58
1676.00	4471903.88
1677.00	4473022.73
1678.00	4474141.59
1679.00	4475260.45
1680.00	4476379.30
1681.00	4477498.16
1682.00	4479173.05
1683.00	4481249.81
1684.00	4483326.57
1685.00	4485403.34
1686.00	4487480.10
1687.00	4491219.77
1688.00	4495925.55
1689.00	4499876.74
1690.00	4502614.64
1691.00	4505352.55
1692.00	4507099.58
1693.00	4508105.55
1694.00	4509111.52
1695.00	4510117.50
1696.00	4511123.47
1697.00	4512129.44
1698.00	4512880.19
1699.00	4513226.99
1700.00	4513573.79
1701.00	4513920.60
1702.00	4514267.40
1703.00	4514614.20
1704.00	4514961.00
1705.00	4514685.26
1706.00	4513297.30
1707.00	4511909.33
1708.00	4510521.36
1709.00	4509133.40
1710.00	4507121.21
1711.00	4503641.79
1712.00	4500162.36
1713.00	4496682.94
1714.00	4489901.12
1715.00	4484882.59
1716.00	4481745.41
1717.00	4478608.22
1718.00	4475559.84
1719.00	4473032.54
1720.00	4470505.24
1721.00	4467977.94
1722.00	4466271.23
1723.00	4465415.63
1724.00	4464560.04
1725.00	4463704.44
1726.00	4462848.84
1727.00	4461993.25
1728.00	4460668.74
1729.00	4458280.43
1730.00	4455892.12
1731.00	4453503.82
1732.00	4449617.94
1733.00	4444606.38
1734.00	4439901.53
1735.00	4436062.51
1736.00	4432223.49
1737.00	4428412.89
1738.00	4425569.68
1739.00	4422726.47
1740.00	4419883.25
1741.00	4417428.19
1742.00	4415623.33
1743.00	4413818.48
1744.00	4412013.62
1745.00	4410208.76
1746.00	4408421.07
1747.00	4407148.10
1748.00	4405875.14
1749.00	4404602.17
1750.00	4403329.20
1751.00	4402056.23
1752.00	4401657.40
1753.00	4401848.56
1754.00	4402039.72
1755.00	4402230.88
1756.00	4402422.04
1757.00	4402613.20
1758.00	4402804.36
1759.00	4403199.75
1760.00	4403699.24
1761.00	4404198.72
1762.00	4404698.20
1763.00	4405197.69
1764.00	4405697.17
1765.00	4406196.65
1766.00	4407114.16
1767.00	4408188.01
1768.00	4409261.86
1769.00	4410335.71
1770.00	4411409.55
1771.00	4412412.38
1772.00	4411565.40
1773.00	4410718.42
1774.00	4409871.44
1775.00	4409024.46
1776.00	4408177.48
1777.00	4407330.51
1778.00	4403576.55
1779.00	4403739.29
1780.00	4403972.21
1781.00	4404205.12
1782.00	4404438.03
1783.00	4404670.94
1784.00	4404903.85
1785.00	4405136.77
1786.00	4405551.03
1787.00	4406450.67
1788.00	4407350.31
1789.00	4408249.95
1790.00	4409149.59
1791.00	4410049.23
1792.00	4410948.87
1793.00	4411622.75
1794.00	4412278.71
1795.00	4412934.67
1796.00	4413590.62
1797.00	4414246.58
1798.00	4414902.54
1799.00	4415335.28
1800.00	4414745.87
1801.00	4414156.46
1802.00	4413567.05
1803.00	4412977.64
1804.00	4412388.23
1805.00	4411798.82
1806.00	4411282.08
1807.00	4410860.86
1808.00	4410439.64
1809.00	4410018.43
1810.00	4409597.21
1811.00	4409175.99
1812.00	4408754.78
1813.00	4408561.88
1814.00	4410003.43
1815.00	4411444.98
1816.00	4412886.53
1817.00	4414328.08
1818.00	4415769.63
1819.00	4417211.18
1820.00	4418495.52
1821.00	4419769.41
1822.00	4421043.29
1823.00	4422317.18
1824.00	4423591.07
1825.00	4424864.96
1826.00	4426074.32
1827.00	4427009.41
1828.00	4427944.51
1829.00	4428879.60
1830.00	4429814.69
1831.00	4430749.78
1832.00	4431684.87
1833.00	4432938.45
1834.00	4434329.28
1835.00	4435720.11
1836.00	4437110.94
1837.00	4438501.77
1838.00	4439815.49
1839.00	4440448.17
1840.00	4441080.85
1841.00	4441713.52
1842.00	4442346.20
1843.00	4442978.88
1844.00	4443611.56
1845.00	4444244.24
1846.00	4444946.79
1847.00	4445683.49
1848.00	4446420.19
1849.00	4447156.89
1850.00	4447893.59
1851.00	4448630.28
1852.00	4449002.79
1853.00	4449270.16
1854.00	4449537.53
1855.00	4449804.91
1856.00	4450072.28
1857.00	4450339.65
1858.00	4450607.03
1859.00	4446471.20
1860.00	4439133.62
1861.00	4431796.03
1862.00	4428081.97
1863.00	4394598.60
1864.00	4392353.49
1865.00	4391987.37
1866.00	4391621.26
1867.00	4391255.14
1868.00	4390889.03
1869.00	4390522.91
1870.00	4390156.79
1871.00	4389561.11
1872.00	4388948.68
1873.00	4388336.25
1874.00	4387723.83
1875.00	4386981.90
1876.00	4383691.47
1877.00	4380401.03
1878.00	4377593.33
1879.00	4375567.90
1880.00	4373542.47
1881.00	4371517.04
1882.00	4369491.62
1883.00	4367817.78
1884.00	4366157.14
1885.00	4364496.51
1886.00	4362835.88
1887.00	4361191.55
1888.00	4360559.29
1889.00	4359927.04
1890.00	4359294.78
1891.00	4358662.53
1892.00	4358030.27
1893.00	4357337.20
1894.00	4356198.50
1895.00	4355059.80
1896.00	4353921.09
1897.00	4352782.39
1898.00	4351643.69
1899.00	4349486.91
1900.00	4344753.65
1901.00	4340020.39
1902.00	4334569.41
1903.00	4328819.81
1904.00	4322927.02
1905.00	4316937.85
1906.00	4312150.87
1907.00	4308200.76
1908.00	4304250.66
1909.00	4299547.05
1910.00	4294811.21
1911.00	4290075.37
1912.00	4295651.82
1913.00	4275722.77
1914.00	4272072.23
1915.00	4268421.69
1916.00	4264571.62
1917.00	4260045.24
1918.00	4255518.86
1919.00	4254518.97
1920.00	4254772.48
1921.00	4255025.99
1922.00	4255279.50
1923.00	4255533.01
1924.00	4255786.52
1925.00	4255969.91
1926.00	4255920.58
1927.00	4255871.25
1928.00	4255821.91
1929.00	4255772.58
1930.00	4255723.25
1931.00	4255673.92
1932.00	4255184.36
1933.00	4253652.44
1934.00	4252120.51
1935.00	4250588.59
1936.00	4249056.66
1937.00	4247499.24
1938.00	4245448.09
1939.00	4243396.94
1940.00	4241345.80
1941.00	4239294.65
1942.00	4237094.92
1943.00	4234635.08
1944.00	4232175.24
1945.00	4229715.40
1946.00	4227255.57
1947.00	4226091.09
1948.00	4225128.05
1949.00	4224165.01
1950.00	4223201.96
1951.00	4222267.03
1952.00	4222243.01
1953.00	4222219.00
1954.00	4222194.98
1955.00	4222170.96
1956.00	4222146.95
1957.00	4222122.93
1958.00	4222233.18
1959.00	4222425.69
1960.00	4222618.20
1961.00	4222810.71
1962.00	4223003.22
1963.00	4223195.73
1964.00	4223388.24
1965.00	4224166.68
1966.00	4225744.11
1967.00	4227321.53
1968.00	4228898.95
1969.00	4230476.38
1970.00	4232053.80
1971.00	4233673.63
1972.00	4235362.28
1973.00	4237050.93
1974.00	4238739.58
1975.00	4240428.23
1976.00	4242116.88
1977.00	4244045.27
1978.00	4246081.15
1979.00	4248117.03
1980.00	4250152.91
1981.00	4252188.79
1982.00	4255544.63
1983.00	4259195.17
1984.00	4262845.72
1985.00	4265390.01
1986.00	4267486.03
1987.00	4269582.05
1988.00	4271678.07
1989.00	4272973.38
1990.00	4273918.04
1991.00	4274862.70
1992.00	4275807.35
1993.00	4276752.01
1994.00	4277696.67
1995.00	4277789.99
1996.00	4277293.74
1997.00	4276797.50
1998.00	4276301.25
1999.00	4275805.01
2000.00	4275308.76
2001.00	4274720.61
2002.00	4273667.11
2003.00	4272613.61
2004.00	4271560.11
2005.00	4270506.61
2006.00	4269917.48
2007.00	4269713.99
2008.00	4269510.50
2009.00	4269729.09
2010.00	4274867.93
2011.00	4280006.77
2012.00	4285044.34
2013.00	4290025.56
2014.00	4294705.44
2015.00	4297710.38
2016.00	4300715.32
2017.00	4303720.27
2018.00	4307308.33
2019.00	4311336.21
2020.00	4315364.09
2021.00	4318484.60
2022.00	4321108.42
2023.00	4323732.25
2024.00	4326148.47
2025.00	4328010.89
2026.00	4329873.30
2027.00	4331735.71
2028.00	4331716.68
2029.00	4331281.10
2030.00	4330845.53
2031.00	4330409.95
2032.00	4329974.38
2033.00	4329538.80
2034.00	4329103.22
2035.00	4328331.93
2036.00	4327448.87
2037.00	4326565.81
2038.00	4325682.75
2039.00	4324799.69
2040.00	4323916.63
2041.00	4323881.77
2042.00	4323875.92
2043.00	4323870.07
2044.00	4323864.22
2045.00	4323858.37
2046.00	4323852.52
2047.00	4323846.67
2048.00	4324076.03
2049.00	4324427.94
2050.00	4324779.84
2051.00	4325131.75
2052.00	4325483.66
2053.00	4325835.56
2054.00	4326202.00
2055.00	4327193.31
2056.00	4328184.62
2057.00	4329175.93
2058.00	4330167.24
2059.00	4331158.55
2060.00	4332149.86
2061.00	4332897.91
2062.00	4333403.12
2063.00	4333908.33
2064.00	4334413.54
2065.00	4334918.75
2066.00	4335423.96
2067.00	4335929.17
2068.00	4335352.51
2069.00	4333256.30
2070.00	4331160.09
2071.00	4329063.88
2072.00	4326967.67
2073.00	4322065.46
2074.00	4316911.76
2075.00	4312534.36
2076.00	4308850.63
2077.00	4305166.90
2078.00	4301492.53
2079.00	4297852.36
2080.00	4294212.19
2081.00	4284647.07
2082.00	4285428.86
2083.00	4287175.46
2084.00	4288922.06
2085.00	4290668.65
2086.00	4292415.25
2087.00	4301681.03
2088.00	4300696.34
2089.00	4299711.65
2090.00	4298726.97
2091.00	4297742.28
2092.00	4288503.19
2093.00	4282570.21
2094.00	4279204.87
2095.00	4275839.53
2096.00	4272709.77
2097.00	4270123.08
2098.00	4267536.40
2099.00	4264949.71
2100.00	4262600.43
2101.00	4260293.49
2102.00	4257986.55
2103.00	4255679.61
2104.00	4250203.49
2105.00	4244203.52
2106.00	4242181.21
2107.00	4240158.89
2108.00	4238136.57
2109.00	4235763.05
2110.00	4233328.69
2111.00	4230894.33
2112.00	4228459.98
2113.00	4227704.94
2114.00	4227518.86
2115.00	4227332.79
2116.00	4227146.72
2117.00	4226960.65
2118.00	4226892.63
2119.00	4226903.61
2120.00	4226914.59
2121.00	4226925.57
2122.00	4226936.55
2123.00	4226947.53
2124.00	4221312.56
2125.00	4214958.44
2126.00	4210502.63
2127.00	4205548.76
2128.00	4198994.38
2129.00	4193475.53
2130.00	4188419.53
2131.00	4183272.30
2132.00	4178082.72
2133.00	4173016.23
2134.00	4168086.26
2135.00	4163154.94
2136.00	4158012.11
2137.00	4152869.29
2138.00	4147732.89
2139.00	4142599.32
2140.00	4137313.18
2141.00	4131837.37
2142.00	4126167.67
2143.00	4119706.22
2144.00	4112733.90
2145.00	4103563.93
2146.00	4093373.48
2147.00	4087147.62
2148.00	4082727.04
2149.00	4075416.85
2150.00	4064567.89
2151.00	4065272.82
2152.00	4057559.94
2153.00	4049900.81
2154.00	4046068.42
2155.00	4042236.03
2156.00	4038403.63
2157.00	4036657.72
2158.00	4035254.55
2159.00	4033911.76
2160.00	4033777.84
2161.00	4033643.92
2162.00	4033510.00
2163.00	4033376.08
2164.00	4033242.16
2165.00	4033108.24
2166.00	4032140.79
2167.00	4030573.50
2168.00	4029006.20
2169.00	4027438.91
2170.00	4025871.61
2171.00	4025381.63
2172.00	4025514.72
2173.00	4025647.82
2174.00	4025780.91
2175.00	4032045.28
2176.00	4039396.03
2177.00	4042932.50
2178.00	4046468.96
2179.00	4049935.85
2180.00	4052673.76
2181.00	4055411.66
2182.00	4056778.71
2183.00	4056778.71
2184.00	4056778.71
2185.00	4056778.71
2186.00	4056778.71
2187.00	4056778.71
2188.00	4056778.71
2189.00	4056778.71
2190.00	4056778.71
2191.00	4056778.71
2192.00	4056778.71
2193.00	4056778.71
2194.00	4056778.71
2195.00	4056778.71
2196.00	4056778.71
2197.00	4056778.71
2198.00	4056778.71
2199.00	4056778.71
2200.00	4056778.71
2201.00	4056778.71
2202.00	4056778.71
2203.00	4056778.71
2204.00	4056778.71
2205.00	4056778.71
2206.00	4056778.71
2207.00	4056778.71
2208.00	4056778.71
2209.00	4056778.71
2210.00	4056778.71
2211.00	4056778.71
2212.00	4056778.71
