3630632.21	  7.821	  7.009	  0.000
3703244.85	  8.096	  7.307	  0.000
3775857.50	  8.358	  7.609	  0.000
3848470.14	  8.619	  7.926	  0.000
3921082.78	  8.955	  8.248	  0.000
3993695.43	  9.291	  8.391	  0.000
4066308.07	  9.606	  8.678	  0.000
4138920.72	  9.908	  8.957	  0.000
4211533.36	 10.199	  9.297	  0.000
4284146.01	 10.496	  9.600	  0.000
4356758.65	 10.788	  9.899	  0.000
4429371.29	 11.089	 10.214	  0.000
4501983.94	 11.385	 10.529	  0.000
4574596.58	 11.711	 10.827	  0.000
4647209.23	 12.029	 11.154	  0.000
4719821.87	 12.356	 11.490	  0.000
4792434.51	 12.605	 11.713	  0.000
4865047.16	 12.933	 11.990	  0.000
4937659.80	 13.238	 12.214	  0.000
5010272.45	 13.505	 12.524	  0.000
5082885.09	 13.744	 12.998	  0.000
5155497.74	 14.064	 13.335	  0.000
5228110.38	 14.363	 13.643	  0.000
5300723.02	 14.670	 13.963	  0.000
5373335.67	 14.965	 14.271	  0.000
5445948.31	 15.281	 14.604	  0.000
5518560.96	 15.569	 14.891	  0.000
5591173.60	 15.889	 15.228	  0.000
5663786.24	 16.184	 15.507	  0.000
5736398.89	 16.500	 15.815	  0.000
5809011.53	 16.826	 16.139	  0.000
5881624.18	 17.170	 16.448	  0.000
5954236.82	 17.452	 16.748	  0.000
6026849.47	 17.818	 17.035	  0.000
6099462.11	 18.986	 17.416	  0.000
6172074.75	 18.291	 17.535	  0.000
6244687.40	 18.600	 17.848	  0.000
6317300.04	 18.905	 18.140	  0.000
6389912.69	 19.196	 18.411	  0.000
6462525.33	 19.553	 18.865	  0.000
6535137.97	 19.915	 18.987	  0.000
6607750.62	 20.325	 18.706	  0.000
6680363.26	 20.818	 18.973	  0.000
6752975.91	 21.016	 18.901	  0.000
6825588.55	 21.329	 19.123	  0.000
6898201.20	 21.682	 19.323	  0.000
6970813.84	 22.119	 19.248	  0.000
7043426.48	 22.593	 19.487	  0.000
7116039.13	 23.226	 18.616	  0.000
7188651.77	 23.997	 19.686	  0.000
7261264.42	 23.997	 19.686	  0.000
